*Version 1.0 of the SI datasets 1-3 - created by SR and NC, January 6, 2015

The columns give the following information, as indicated by the header row label:
(1) Column: column number in SI dataset 1
(2) Phoneme: phoneme presented in Unicode
(3) Number_of_occurrences: frequency with which the phoneme is observed across 2082 languages in SI dataset 1
(4) Consonant: a boolean indicator; 1 indicates the phoneme in column (2) is a consonant
(5) Vowel: a boolean indicator; 1 indicates the phoneme in column (2) is a vowel
(6) Modified_consonant: 1 indicates the phoneme in column (2) is a modified consonant
(7) Modified_Vowel: 1 indicates the phoneme in column (2) is a modified consonants
(8) Click: 1 indicates the phoneme in column (2) is a click

Columns 6-8 in SI dataset 2 were used for some regression analyses (See SI Appendix section 3.2 and Table S8 for more information). See SI Appendix section 1.2 ``Modified consonants and modified vowels'' for more details about columns 6 and 7.


Column	Phoneme	Number_of_occurrences	Consonant	Vowel	Modified_consonant	Modified_Vowel	Click
10	tˡ̥	1	1	0	0	0	0
11	tːˡ	3	1	0	0	0	0
12	bͮ	14	1	0	0	0	0
13	ᶡčʰ	1	1	0	0	0	0
14	kˡ	1	1	0	0	0	0
15	dᵞ	1	1	0	0	0	0
16	čʰʷ	1	1	0	0	0	0
17	ɡ́	0	1	0	0	0	0
18	tᶿ	5	1	0	0	0	0
19	ɡ̰̌	1	1	0	0	0	0
20	tˣˀ	1	1	0	0	0	0
21	ɡ̌	601	1	0	0	0	0
22	cʹˀ	0	1	0	0	0	0
23	ⁿ̃čʰ	1	1	0	0	0	0
24	ɟ́	2	1	0	0	0	0
25	kˡˀ	1	1	0	0	0	0
26	ɡ̌ː	1	1	0	0	0	0
27	tᴮ	1	1	0	0	0	0
28	tˢʱ	1	1	0	0	0	0
29	č̣	26	1	0	0	0	0
30	pˢ̌ˀ	2	1	0	0	0	0
31	ṭˢˀ	5	1	0	0	0	0
32	č̣ˀ	7	1	0	0	0	0
33	čʷ	1	1	0	0	0	0
34	tˢˀʷ	1	1	0	0	0	0
35	ḍʳ	2	1	0	0	0	0
36	bɡ̌	0	1	0	0	0	0
37	ⁿ̃ɡ̣̌	1	1	0	0	0	0
38	ɡ̤̌	36	1	0	0	0	0
39	ᶡčˀ	1	1	0	0	0	0
40	čʰ	159	1	0	0	0	0
41	ͫpˀ	1	1	0	0	0	0
42	ṭʳ	3	1	0	0	0	0
43	qːᵡ	4	1	0	0	0	0
44	dʳ	3	1	0	0	0	0
45	qᵡʰ	2	1	0	0	0	0
46	qᵡˀ	16	1	0	0	0	0
47	č	969	1	0	0	0	0
48	ᵈtˢʰ	2	1	0	0	0	0
49	tˡ̥ʰ	1	1	0	0	0	0
50	pˡʰ	5	1	0	0	0	0
51	qᵡ	17	1	0	0	0	0
52	dˡ	16	1	0	0	0	0
53	ʰtˢ	2	1	0	0	0	0
54	dᶻˀ	1	1	0	0	0	0
55	ⁿtˡˀ	1	1	0	0	0	0
56	qᵡʷ	1	1	0	0	0	0
57	qᵡˀʷ	1	1	0	0	0	0
58	pᶲ	2	1	0	0	0	0
59	bᶻ̌	2	1	0	0	0	0
60	tˢʰ	110	1	0	0	0	0
61	ṭˢ	24	1	0	0	0	0
62	tˡˀ	71	1	0	0	0	0
63	dᶻᵞ	1	1	0	0	0	0
64	ɡ̣̌	4	1	0	0	0	0
65	dᵝ	1	1	0	0	0	0
66	ⁿtˢʰ	1	1	0	0	0	0
67	ͫbͮ	2	1	0	0	0	0
68	tːˡˀ	2	1	0	0	0	0
69	ḍᶻ	6	1	0	0	0	0
70	ˀbˡ	2	1	0	0	0	0
71	ptˢ	0	1	0	0	0	0
72	tˣ	3	1	0	0	0	0
73	č̣ʰ	4	1	0	0	0	0
74	cʹ	4	1	0	0	0	0
75	pᶠʰ	1	1	0	0	0	0
76	ⁿd̪ᶻ	2	1	0	0	0	0
77	bᵝ	1	1	0	0	0	0
78	dᶻ	225	1	0	0	0	0
79	ⁿdˡ	1	1	0	0	0	0
80	čʲ	0	1	0	0	0	0
81	ⁿ̃ɡ̌	44	1	0	0	0	0
82	pˢ̌ʰ	2	1	0	0	0	0
83	tʳ	7	1	0	0	0	0
84	kːˣ	4	1	0	0	0	0
85	ɡ̌ʷ	1	1	0	0	0	0
86	čˀ	185	1	0	0	0	0
87	kːˣˀ	2	1	0	0	0	0
88	ɠ̌	2	1	0	0	0	0
89	ˀɡ̌	2	1	0	0	0	0
90	tˡ	63	1	0	0	0	0
91	qːᵡˀ	3	1	0	0	0	0
92	ᵈčˀ	1	1	0	0	0	0
93	ɡᵞ	1	1	0	0	0	0
94	tˢˀ	188	1	0	0	0	0
95	ⁿdᶻ	13	1	0	0	0	0
96	ᵈtˢˀ	2	1	0	0	0	0
97	čˣ	4	1	0	0	0	0
98	tˢ	558	1	0	0	0	0
99	ṭˢʰ	16	1	0	0	0	0
100	t̪ˀ	1	1	0	0	0	0
101	čː	1	1	0	0	0	0
102	ʰč	2	1	0	0	0	0
103	tᶿʰ	3	1	0	0	0	0
104	tˡʰ	15	1	0	0	0	0
105	ᵈt̪ˀ	1	1	0	0	0	0
106	ͫpᶠˀ	1	1	0	0	0	0
107	tᶿˀ	5	1	0	0	0	0
108	ᵈtˢˣ	1	1	0	0	0	0
109	dᶻʱ	1	1	0	0	0	0
110	pˀ	1	1	0	0	0	0
111	pˡ	6	1	0	0	0	0
112	bdᶻ	0	1	0	0	0	0
113	kˣˀ	18	1	0	0	0	0
114	dᶻˣ	1	1	0	0	0	0
115	d̤ᶻ	7	1	0	0	0	0
116	dᶞ	2	1	0	0	0	0
117	ͫbˡ	1	1	0	0	0	0
118	d̯ᶞ	1	1	0	0	0	0
119	tˢˣ	18	1	0	0	0	0
120	pᶠ	20	1	0	0	0	0
121	pᶠˀ	2	1	0	0	0	0
122	ⁿtˢ	1	1	0	0	0	0
123	kˣ	10	1	0	0	0	0
124	pˢ	2	1	0	0	0	0
125	tᶲʰ	1	1	0	0	0	0
126	pč	0	1	0	0	0	0
127	ɔ̤	3	0	1	0	0	0
128	ɯ	113	0	1	0	0	0
129	ʌ	14	0	1	0	0	0
130	o	1532	0	1	0	0	0
131	ɤ	44	0	1	0	0	0
132	u	1779	0	1	0	0	0
133	o̤	2	0	1	0	0	0
134	ɒ	40	0	1	0	0	0
135	u̱	2	0	1	0	0	0
136	ṳ	4	0	1	0	0	0
137	ɔ	653	0	1	0	0	0
138	ɯ̌	1	0	1	0	0	0
139	ɑ	113	0	1	0	0	0
140	o˂	1	0	1	0	0	0
141	ʊ̤	2	0	1	0	0	0
142	o̰	1	0	1	0	0	0
143	ʊ	279	0	1	0	0	0
144	ɨ̤	2	0	1	0	0	0
145	ɐ	83	0	1	0	0	0
146	ʉ	31	0	1	0	0	0
147	a̤	4	0	1	0	0	0
148	ə	600	0	1	0	0	0
149	ɨ̅	1	0	1	0	0	0
150	ɨ	292	0	1	0	0	0
151	aː	1	0	1	0	0	0
152	ɵ	22	0	1	0	0	0
153	ə̤	1	0	1	0	0	0
154	a	1876	0	1	0	0	0
155	a̰	1	0	1	0	0	0
156	ɡ/n	13	0	0	0	0	1
157	ˀnʘ	1	0	0	0	0	1
158	qʘʰ	1	0	0	0	0	1
159	G!ʰ	1	0	0	0	0	1
160	Gʘʰ	1	0	0	0	0	1
161	nǁ	29	0	0	0	0	1
162	nǂˀʰ	1	0	0	0	0	1
163	ǁˣ	24	0	0	0	0	1
164	ɡ/ˣ	5	0	0	0	0	1
165	/kˣˀ	1	0	0	0	0	1
166	ǁkˣˀ	1	0	0	0	0	1
167	Gʘ	1	0	0	0	0	1
168	nǁˣ	3	0	0	0	0	1
169	ɡ/kˣˀ	3	0	0	0	0	1
170	qǂˀ	1	0	0	0	0	1
171	n!ˀʰ	1	0	0	0	0	1
172	q!ʰ	1	0	0	0	0	1
173	!	29	0	0	0	0	1
174	ǁˣˀ	15	0	0	0	0	1
175	/ʰ	29	0	0	0	0	1
176	nʘ	4	0	0	0	0	1
177	ǂʰ	19	0	0	0	0	1
178	!ʱ	2	0	0	0	0	1
179	ᵑ!	1	0	0	0	0	1
180	/ˀ	28	0	0	0	0	1
181	n/ˣ	3	0	0	0	0	1
182	qǁˀ	1	0	0	0	0	1
183	n!	24	0	0	0	0	1
184	+	0	0	0	0	0	1
185	n!n	2	0	0	0	0	1
186	ǂ	20	0	0	0	0	1
187	/	34	0	0	0	0	1
188	nǂʱ	2	0	0	0	0	1
189	ǂkˣˀ	1	0	0	0	0	1
190	ᵑ/	2	0	0	0	0	1
191	n+	0	0	0	0	0	1
192	n̥ʘ	1	0	0	0	0	1
193	ᵑ!ᶢ	2	0	0	0	0	1
194	q/ˀ	1	0	0	0	0	1
195	n/ˀʰ	1	0	0	0	0	1
196	!ˣ	20	0	0	0	0	1
197	!ˣˀ	14	0	0	0	0	1
198	n/	31	0	0	0	0	1
199	nǂˣ	1	0	0	0	0	1
200	n/ʱ	2	0	0	0	0	1
201	n̥ǂ	1	0	0	0	0	1
202	Gǂ	1	0	0	0	0	1
203	ˀn!	1	0	0	0	0	1
204	ɡǁkˣˀ	3	0	0	0	0	1
205	+kˣˀ	0	0	0	0	0	1
206	ʘkˣˀ	1	0	0	0	0	1
207	n!ʰ	1	0	0	0	0	1
208	!kˣˀ	1	0	0	0	0	1
209	ɡǁˣ	7	0	0	0	0	1
210	ǂʱ	2	0	0	0	0	1
211	ˀnǂ	1	0	0	0	0	1
212	ˀn/	1	0	0	0	0	1
213	qǂʰ	1	0	0	0	0	1
214	n/n	2	0	0	0	0	1
215	qʘ	1	0	0	0	0	1
216	ɡ!kˣˀ	3	0	0	0	0	1
217	nǁˀʰ	1	0	0	0	0	1
218	G/ʰ	1	0	0	0	0	1
219	qǂ	8	0	0	0	0	1
220	ʘˣ	3	0	0	0	0	1
221	ʘʱ	1	0	0	0	0	1
222	G!	1	0	0	0	0	1
223	ɡǂn	7	0	0	0	0	1
224	ɡǂˀʰ	1	0	0	0	0	1
225	ǁˀ	27	0	0	0	0	1
226	qǁ	8	0	0	0	0	1
227	+ˀ	0	0	0	0	0	1
228	ɡʘˣ	1	0	0	0	0	1
229	G/	1	0	0	0	0	1
230	ǁ	33	0	0	0	0	1
231	!ˀʰ	1	0	0	0	0	1
232	n̥!ʰ	2	0	0	0	0	1
233	q/ʰ	1	0	0	0	0	1
234	ǂˀʰ	1	0	0	0	0	1
235	ɡǂ	16	0	0	0	0	1
236	nǁʱ	2	0	0	0	0	1
237	ˀnǁ	1	0	0	0	0	1
238	nǂn	2	0	0	0	0	1
239	ǁʰ	28	0	0	0	0	1
240	/ʱ	2	0	0	0	0	1
241	Gǁ	1	0	0	0	0	1
242	/ˀʰ	1	0	0	0	0	1
243	/ˣ	24	0	0	0	0	1
244	nǁʰ	1	0	0	0	0	1
245	ǂˣ	17	0	0	0	0	1
246	nʘʱ	1	0	0	0	0	1
247	ʘ	5	0	0	0	0	1
248	q!	7	0	0	0	0	1
249	ɡǁ	25	0	0	0	0	1
250	ɡ!ˀʰ	1	0	0	0	0	1
251	n̥ǂʰ	2	0	0	0	0	1
252	n/ʰ	2	0	0	0	0	1
253	nǁn	2	0	0	0	0	1
254	ɡ!ˣ	3	0	0	0	0	1
255	!ˀ	24	0	0	0	0	1
256	ɡʘkˣˀ	1	0	0	0	0	1
257	ᵑ/ᶢ	3	0	0	0	0	1
258	ɡʘ	3	0	0	0	0	1
259	q/	10	0	0	0	0	1
260	n̥ǁ	2	0	0	0	0	1
261	n̥!	2	0	0	0	0	1
262	!ʰ	26	0	0	0	0	1
263	ɡ!	20	0	0	0	0	1
264	q!ˀ	1	0	0	0	0	1
265	ɡ/ˀʰ	1	0	0	0	0	1
266	ǂˣˀ	13	0	0	0	0	1
267	ɡǂˣ	2	0	0	0	0	1
268	ʘˣˀ	1	0	0	0	0	1
269	n!ʱ	2	0	0	0	0	1
270	ɡǁn	13	0	0	0	0	1
271	ɡ!n	8	0	0	0	0	1
272	+ˣ	0	0	0	0	0	1
273	n!ˣ	1	0	0	0	0	1
274	n̥ǁʰ	2	0	0	0	0	1
275	ᵑǁ	1	0	0	0	0	1
276	n̥/	2	0	0	0	0	1
277	qʘˀ	1	0	0	0	0	1
278	ɡ/	27	0	0	0	0	1
279	Gǁʰ	1	0	0	0	0	1
280	nǂ	17	0	0	0	0	1
281	ǁˀʰ	1	0	0	0	0	1
282	ɡǂkˣˀ	3	0	0	0	0	1
283	n̥/ʰ	2	0	0	0	0	1
284	ǂˀ	18	0	0	0	0	1
285	qǁʰ	1	0	0	0	0	1
286	ɡǁˀʰ	1	0	0	0	0	1
287	ᵑǁᶢ	2	0	0	0	0	1
288	/ˣˀ	15	0	0	0	0	1
289	ǁʱ	2	0	0	0	0	1
290	Gǂʰ	1	0	0	0	0	1
291	ʘʰ	3	0	0	0	0	1
292	ʘˀ	3	0	0	0	0	1
293	ð	112	1	0	0	0	0
294	vʷ	2	1	0	0	0	0
295	ɣʷ	11	1	0	0	0	0
296	z̥̣	1	1	0	0	0	0
297	ħ	53	1	0	0	0	0
298	v̤	2	1	0	0	0	0
299	xˀ	4	1	0	0	0	0
300	sʰ	18	1	0	0	0	0
301	šːˀ	3	1	0	0	0	0
302	šʲ	2	1	0	0	0	0
303	ɣ	328	1	0	0	0	0
304	ɸˢ	1	1	0	0	0	0
305	ʕ	60	1	0	0	0	0
306	sˀ	21	1	0	0	0	0
307	ʮː	1	1	0	0	0	0
308	ⁿs	0	1	0	0	0	0
309	šʷ	1	1	0	0	0	0
310	ˀẓ	1	1	0	0	0	0
311	ᵈžʰ	1	1	0	0	0	0
312	ⁿz	12	1	0	0	0	0
313	sʷ	3	1	0	0	0	0
314	ˀɣ	1	1	0	0	0	0
315	βʲ	1	1	0	0	0	0
316	ʯˀ	2	1	0	0	0	0
317	ˀh	1	1	0	0	0	0
318	hᵚ	1	1	0	0	0	0
319	s̪	7	1	0	0	0	0
320	ʯʷ	32	1	0	0	0	0
321	š	778	1	0	0	0	0
322	fs	0	1	0	0	0	0
323	ˀv	1	1	0	0	0	0
324	ç	30	1	0	0	0	0
325	ˀz	0	1	0	0	0	0
326	sʲ	3	1	0	0	0	0
327	ʕʷ	5	1	0	0	0	0
328	s̪ːˀ	3	1	0	0	0	0
329	ⁿ̃ž	4	1	0	0	0	0
330	ͫv	3	1	0	0	0	0
331	zˀ	1	1	0	0	0	0
332	ɸˀ	1	1	0	0	0	0
333	fʷ	6	1	0	0	0	0
334	ðʲ	1	1	0	0	0	0
335	ˀð	2	1	0	0	0	0
336	β	203	1	0	0	0	0
337	f	740	1	0	0	0	0
338	h	1248	1	0	0	0	0
339	ṣˀ	3	1	0	0	0	0
340	ʕˀ	4	1	0	0	0	0
341	ɸʷ	2	1	0	0	0	0
342	r	1	1	0	0	0	0
343	s	1767	1	0	0	0	0
344	ʁʷ	3	1	0	0	0	0
345	ʮ	116	1	0	0	0	0
346	ʁ	95	1	0	0	0	0
347	v	596	1	0	0	0	0
348	sʹ	1	1	0	0	0	0
349	xˀʷ	1	1	0	0	0	0
350	x	476	1	0	0	0	0
351	z̪	3	1	0	0	0	0
352	z	597	1	0	0	0	0
353	ʯˀʷ	1	1	0	0	0	0
354	ɦ	44	1	0	0	0	0
355	zʷ	1	1	0	0	0	0
356	šˀ	11	1	0	0	0	0
357	ṣ̌	42	1	0	0	0	0
358	ˀʁʷ	0	1	0	0	0	0
359	ʁˀ	0	1	0	0	0	0
360	z̪ʲ	1	1	0	0	0	0
361	ˀs̪	1	1	0	0	0	0
362	fʰ	2	1	0	0	0	0
363	ṣ	61	1	0	0	0	0
364	ˀʁ	0	1	0	0	0	0
365	ʯ	140	1	0	0	0	0
366	ᵈžˣ	1	1	0	0	0	0
367	h˜	11	1	0	0	0	0
368	ɸʲ	1	1	0	0	0	0
369	ɣ˜	2	1	0	0	0	0
370	fˢ̌	2	1	0	0	0	0
371	z̤	1	1	0	0	0	0
372	hʷ	21	1	0	0	0	0
373	βʷ	3	1	0	0	0	0
374	ʮˀ	1	1	0	0	0	0
375	xʷ	59	1	0	0	0	0
376	sː	2	1	0	0	0	0
377	šʰ	3	1	0	0	0	0
378	xʰ	1	1	0	0	0	0
379	žʱ	1	1	0	0	0	0
380	vj^	0	1	0	0	0	0
381	β˜	1	1	0	0	0	0
382	ᵈzˣ	1	1	0	0	0	0
383	zʱ	1	1	0	0	0	0
384	j^	4	1	0	0	0	0
385	vz	0	1	0	0	0	0
386	fç	0	1	0	0	0	0
387	hʲ	1	1	0	0	0	0
388	fˀ	4	1	0	0	0	0
389	ž	291	1	0	0	0	0
390	v˜	1	1	0	0	0	0
391	çː	9	1	0	0	0	0
392	ẓ̌	15	1	0	0	0	0
393	v̥	1	1	0	0	0	0
394	ɸ	100	1	0	0	0	0
395	ẓ	19	1	0	0	0	0
396	ʕˀʷ	5	1	0	0	0	0
397	zʹ	1	1	0	0	0	0
398	vʰ	1	1	0	0	0	0
399	i̱	2	0	1	0	0	0
400	e	1444	0	1	0	0	0
401	i	1866	0	1	0	0	0
402	i̤	5	0	1	0	0	0
403	æ	161	0	1	0	0	0
404	e̤	2	0	1	0	0	0
405	I	298	0	1	0	0	0
406	ø	106	0	1	0	0	0
407	y	140	0	1	0	0	0
408	I̤	2	0	1	0	0	0
409	ɛ̤	3	0	1	0	0	0
410	ɛ	706	0	1	0	0	0
411	Y	10	0	1	0	0	0
412	œ	33	0	1	0	0	0
413	e̅	1	0	1	0	0	0
414	ḛ	1	0	1	0	0	0
415	e˃	1	0	1	0	0	0
416	w̤	1	1	0	0	0	0
417	ə̯	1	1	0	0	0	0
418	j	1855	1	0	0	0	0
419	j̥	28	1	0	0	0	0
420	w˜	13	1	0	0	0	0
421	ˀj	53	1	0	0	0	0
422	ɨ̯	2	1	0	0	0	0
423	w̥	41	1	0	0	0	0
424	w	1684	1	0	0	0	0
425	ɯ̯	4	1	0	0	0	0
426	jˀ	7	1	0	0	0	0
427	ɑ̯	1	1	0	0	0	0
428	ˀw	41	1	0	0	0	0
429	ɥ˜	1	1	0	0	0	0
430	wˀ	6	1	0	0	0	0
431	j̤	2	1	0	0	0	0
432	ɥ	24	1	0	0	0	0
433	ȷ˜	6	1	0	0	0	0
434	ɬʰ	1	1	0	0	0	0
435	l̥ᵚ	1	1	0	0	0	0
436	l̪̥	1	1	0	0	0	0
437	ʎ̣	1	1	0	0	0	0
438	ɬ̣	2	1	0	0	0	0
439	l	1650	1	0	0	0	0
440	ɬˀ	6	1	0	0	0	0
441	ḷ̥	1	1	0	0	0	0
442	lᵚ	15	1	0	0	0	0
443	l̤	10	1	0	0	0	0
444	ɬ	165	1	0	0	0	0
445	ɬː	1	1	0	0	0	0
446	ˀl	31	1	0	0	0	0
447	ḷ̌	7	1	0	0	0	0
448	l̯	33	1	0	0	0	0
449	L̥	1	1	0	0	0	0
450	ʎ	126	1	0	0	0	0
451	L	8	1	0	0	0	0
452	l˜	1	1	0	0	0	0
453	l̪	9	1	0	0	0	0
454	ɮ	19	1	0	0	0	0
455	ʎᵚ	1	1	0	0	0	0
456	l̥	49	1	0	0	0	0
457	ɬ̪	1	1	0	0	0	0
458	ľ	38	1	0	0	0	0
459	lˀ	4	1	0	0	0	0
460	ḷ̤	2	1	0	0	0	0
461	bɮ	0	1	0	0	0	0
462	ḷ	105	1	0	0	0	0
463	ʎ̥	4	1	0	0	0	0
464	lʲ	3	1	0	0	0	0
465	c̯	3	0	0	1	0	0
466	ˀc	3	0	0	1	0	0
467	cː	361	0	0	1	0	0
468	cᴺ	1	0	0	1	0	0
469	cʲʷ	1	0	0	1	0	0
470	c̥	5	0	0	1	0	0
471	cʰ	3	0	0	1	0	0
472	cᶛ	22	0	0	1	0	0
473	cʲː	4	0	0	1	0	0
474	cˀ	2	0	0	1	0	0
475	c̣	1	0	0	1	0	0
476	cʲ	130	0	0	1	0	0
477	ᴺc	200	0	0	1	0	0
478	c̣ː	1	0	0	1	0	0
479	ʰcᴺ	1	0	0	1	0	0
480	cːː	1	0	0	1	0	0
481	ͨN	1	0	0	1	0	0
482	cᵚ	4	0	0	1	0	0
483	c̤	1	0	0	1	0	0
484	cʲ̱	1	0	0	1	0	0
485	cʷ	234	0	0	1	0	0
486	vowelharmony	154	0	0	0	1	0
487	vː̰	1	0	0	0	1	0
488	vowelharmony_TR	1	0	0	0	1	0
489	v̱	3	0	0	0	1	0
490	v˜ᶛ	3	0	0	0	1	0
491	vː	968	0	0	0	1	0
492	v̤̅	1	0	0	0	1	0
493	v˜̰	7	0	0	0	1	0
494	vʔ	0	0	0	0	1	0
495	vˀv	0	0	0	0	1	0
496	v̤	40	0	0	0	1	0
497	vˀ_v	1	0	0	0	1	0
498	nasalharmony	24	0	0	0	1	0
499	vː̤	1	0	0	0	1	0
500	̅vː	2	0	0	0	1	0
501	v̆	2	0	0	0	1	0
502	v˜	462	0	0	0	1	0
503	v̰ː	6	0	0	0	1	0
504	v̥	4	0	0	0	1	0
505	v˜̤	4	0	0	0	1	0
506	v˜ː	111	0	0	0	1	0
507	̱vː	1	0	0	0	1	0
508	v̅	3	0	0	0	1	0
509	vᶛ	5	0	0	0	1	0
510	v̰	31	0	0	0	1	0
511	v̤ː	8	0	0	0	1	0
512	vˀ	3	0	0	0	1	0
513	mˡ	5	1	0	0	0	0
514	n̪̥	0	1	0	0	0	0
515	n̥˜	5	1	0	0	0	0
516	n̥	63	1	0	0	0	0
517	ˀn˜	3	1	0	0	0	0
518	ŋm	40	1	0	0	0	0
519	ṇ̥	2	1	0	0	0	0
520	nʱ	1	1	0	0	0	0
521	ŋ̥ʷ	1	1	0	0	0	0
522	ˀn̪	0	1	0	0	0	0
523	ŋʷ	29	1	0	0	0	0
524	m	2044	1	0	0	0	0
525	n	2050	1	0	0	0	0
526	ˀŋʷ	1	1	0	0	0	0
527	ŋˀ	2	1	0	0	0	0
528	ṇ	142	1	0	0	0	0
529	m̥	56	1	0	0	0	0
530	mʷ	4	1	0	0	0	0
531	nˀ	7	1	0	0	0	0
532	ˀm	41	1	0	0	0	0
533	nm	0	1	0	0	0	0
534	ɱ	1	1	0	0	0	0
535	ˀn	40	1	0	0	0	0
536	mʱ	1	1	0	0	0	0
537	N	14	1	0	0	0	0
538	mᶛ	1	1	0	0	0	0
539	nʲ	4	1	0	0	0	0
540	mˀ	8	1	0	0	0	0
541	ŋᵚ	1	1	0	0	0	0
542	n̤	10	1	0	0	0	0
543	n̪ᵚ	1	1	0	0	0	0
544	mn˜	0	1	0	0	0	0
545	n˜	801	1	0	0	0	0
546	ṇ̤	1	1	0	0	0	0
547	ŋ^	3	1	0	0	0	0
548	ŋʲ	1	1	0	0	0	0
549	n̯	57	1	0	0	0	0
550	ŋ̥ʲ	1	1	0	0	0	0
551	m̥ˡ	3	1	0	0	0	0
552	ˀŋ	6	1	0	0	0	0
553	ŋ	1206	1	0	0	0	0
554	n˜̥	24	1	0	0	0	0
555	m̤	10	1	0	0	0	0
556	n̪	27	1	0	0	0	0
557	nʷ	0	1	0	0	0	0
558	mᵚ	1	1	0	0	0	0
559	ŋ̥	30	1	0	0	0	0
560	kʷ	181	1	0	0	0	0
561	ɗ̪	1	1	0	0	0	0
562	ɡ̤	49	1	0	0	0	0
563	ᴳqʰ	1	1	0	0	0	0
564	ʔ	898	1	0	0	0	0
565	t̪	53	1	0	0	0	0
566	ʄ	17	1	0	0	0	0
567	k^	2	1	0	0	0	0
568	ᵈt̪ˣ	1	1	0	0	0	0
569	tʰ	322	1	0	0	0	0
570	dˀ	5	1	0	0	0	0
571	ɟ̤	3	1	0	0	0	0
572	ᶢkʰ	2	1	0	0	0	0
573	pː	1	1	0	0	0	0
574	dʲ	8	1	0	0	0	0
575	ɡ^	2	1	0	0	0	0
576	ɡb	165	1	0	0	0	0
577	pʱ	1	1	0	0	0	0
578	ɡd	1	1	0	0	0	0
579	tˣˀ	2	1	0	0	0	0
580	kp	172	1	0	0	0	0
581	ⁿd	174	1	0	0	0	0
582	kt	1	1	0	0	0	0
583	ⁿḍ	7	1	0	0	0	0
584	ɗ̤	1	1	0	0	0	0
585	ᴺG	2	1	0	0	0	0
586	ḍˀ	1	1	0	0	0	0
587	qʰ	28	1	0	0	0	0
588	d̤̣	36	1	0	0	0	0
589	d̪	38	1	0	0	0	0
590	ɡːʷ	1	1	0	0	0	0
591	bˀ	2	1	0	0	0	0
592	ʔʷ	3	1	0	0	0	0
593	tː	3	1	0	0	0	0
594	qˀʷ	33	1	0	0	0	0
595	ⁿtʰ	1	1	0	0	0	0
596	ⁿt	2	1	0	0	0	0
597	pʰ	283	1	0	0	0	0
598	ᵑɡ	164	1	0	0	0	0
599	dˣ	1	1	0	0	0	0
600	ⁿdʲ	3	1	0	0	0	0
601	t̯	48	1	0	0	0	0
602	ɓ	138	1	0	0	0	0
603	d̰	1	1	0	0	0	0
604	ˀb	42	1	0	0	0	0
605	ɓ̤	1	1	0	0	0	0
606	ɟ	205	1	0	0	0	0
607	ˀd	22	1	0	0	0	0
608	kˀ	225	1	0	0	0	0
609	cˣ	7	1	0	0	0	0
610	ɡʷ	61	1	0	0	0	0
611	pˀkˣˀ	1	1	0	0	0	0
612	bʷ	7	1	0	0	0	0
613	ˀk	1	1	0	0	0	0
614	qᶛ	1	1	0	0	0	0
615	ʰd	1	1	0	0	0	0
616	ɗ̣	20	1	0	0	0	0
617	qʰʷ	3	1	0	0	0	0
618	ͫb	171	1	0	0	0	0
619	ᵑͫɡb	5	1	0	0	0	0
620	ˀp	1	1	0	0	0	0
621	ᵇpʰ	1	1	0	0	0	0
622	ʰk	3	1	0	0	0	0
623	t̪ᵚ	1	1	0	0	0	0
624	ˀt	2	1	0	0	0	0
625	tʲ	9	1	0	0	0	0
626	cˀ	13	1	0	0	0	0
627	tˀ	228	1	0	0	0	0
628	ṭ	222	1	0	0	0	0
629	ᵑkʷ	0	1	0	0	0	0
630	ʰp	3	1	0	0	0	0
631	d̤	49	1	0	0	0	0
632	ḍ̰	1	1	0	0	0	0
633	ʰt	3	1	0	0	0	0
634	ͫp	2	1	0	0	0	0
635	ͫbʷ	1	1	0	0	0	0
636	ˀɟ	3	1	0	0	0	0
637	b̰	1	1	0	0	0	0
638	d̯	21	1	0	0	0	0
639	ɠ	14	1	0	0	0	0
640	kʰ	310	1	0	0	0	0
641	b	1347	1	0	0	0	0
642	c	305	1	0	0	0	0
643	d	1310	1	0	0	0	0
644	kʰʷ	18	1	0	0	0	0
645	ⁿ̃ɟ	20	1	0	0	0	0
646	ʔʰ	1	1	0	0	0	0
647	ˀd̪	1	1	0	0	0	0
648	k	2032	1	0	0	0	0
649	tp	0	1	0	0	0	0
650	ɠ̤	1	1	0	0	0	0
651	tˣ	13	1	0	0	0	0
652	b̤	47	1	0	0	0	0
653	ḍ	161	1	0	0	0	0
654	pʷ	5	1	0	0	0	0
655	kː	2	1	0	0	0	0
656	ṭˀ	14	1	0	0	0	0
657	p	1843	1	0	0	0	0
658	q	236	1	0	0	0	0
659	ᵑk	4	1	0	0	0	0
660	G	23	1	0	0	0	0
661	t	2035	1	0	0	0	0
662	ɡ	1225	1	0	0	0	0
663	ɡbʷ	2	1	0	0	0	0
664	kpʷ	2	1	0	0	0	0
665	ͫpʰ	3	1	0	0	0	0
666	Gʷ	2	1	0	0	0	0
667	pˀ	154	1	0	0	0	0
668	ᵈtʰ	2	1	0	0	0	0
669	bd	1	1	0	0	0	0
670	ɡˀ	1	1	0	0	0	0
671	ɓʷ	2	1	0	0	0	0
672	ᵑkʰ	1	1	0	0	0	0
673	ḍː	1	1	0	0	0	0
674	ṭʰ	75	1	0	0	0	0
675	d̪̤	1	1	0	0	0	0
676	ʔ˜	1	1	0	0	0	0
677	ɡʲ	3	1	0	0	0	0
678	t̯ʰ	1	1	0	0	0	0
679	t̪ˀ	1	1	0	0	0	0
680	kʲ	14	1	0	0	0	0
681	cː	2	1	0	0	0	0
682	t̪ʰ	2	1	0	0	0	0
683	bᵚ	1	1	0	0	0	0
684	tʱ	1	1	0	0	0	0
685	cʰ	34	1	0	0	0	0
686	ʔʲ	1	1	0	0	0	0
687	ⁿd̪	1	1	0	0	0	0
688	ᵑɡʷ	6	1	0	0	0	0
689	ɡ̤ʷ	0	1	0	0	0	0
690	qˀ	101	1	0	0	0	0
691	ɡː	1	1	0	0	0	0
692	kˣˀ	2	1	0	0	0	0
693	ˀɗ̣	1	1	0	0	0	0
694	ˀt̪ʰ	2	1	0	0	0	0
695	t̪ʷ	1	1	0	0	0	0
696	kᵚ	1	1	0	0	0	0
697	ɗ	106	1	0	0	0	0
698	kˀʲ	1	1	0	0	0	0
699	ɡ̰	1	1	0	0	0	0
700	kˀʷ	55	1	0	0	0	0
701	pt	1	1	0	0	0	0
702	qʷ	45	1	0	0	0	0
703	bɗ	0	1	0	0	0	0
704	ⁿ̯d̯	1	1	0	0	0	0
705	ⁿɾ	1	1	0	0	0	0
706	ř	3	1	0	0	0	0
707	ṛ	57	1	0	0	0	0
708	ɾ̌	1	1	0	0	0	0
709	v̊	14	1	0	0	0	0
710	rˀ	1	1	0	0	0	0
711	B	6	1	0	0	0	0
712	ɾ̣	77	1	0	0	0	0
713	r	1077	1	0	0	0	0
714	ɾ˜	3	1	0	0	0	0
715	ɹ	22	1	0	0	0	0
716	ɹ̥	1	1	0	0	0	0
717	ɹ́	1	1	0	0	0	0
718	r̤	7	1	0	0	0	0
719	ˀr	9	1	0	0	0	0
720	ɾ	465	1	0	0	0	0
721	rᵚ	2	1	0	0	0	0
722	P	2	1	0	0	0	0
723	ɾ̤	2	1	0	0	0	0
724	R	1	1	0	0	0	0
725	ʁ	8	1	0	0	0	0
726	ṛʷ	1	1	0	0	0	0
727	ɹ̣	98	1	0	0	0	0
728	bɹ	1	1	0	0	0	0
729	ɹ̣̥	1	1	0	0	0	0
730	r̪	3	1	0	0	0	0
731	r̥	27	1	0	0	0	0
732	rʲ	4	1	0	0	0	0
733	rᶻ̌	3	1	0	0	0	0
734	ɾ̥	7	1	0	0	0	0
735	ṛ̥	2	1	0	0	0	0
736	ɾ̣̤	6	1	0	0	0	0
737	ˀɾ	4	1	0	0	0	0
